spawns:
  default:
    world: 4ef3598f-7566-4a15-8e3d-d1c9c7f3f3d7
    world-name: world
    x: -25.69999998807907
    y: 101.0
    z: 0.6930852882785368
    yaw: -64.63861083984375
    pitch: 46.49949645996094
