arenas:
  arena1:
    bound:
      world: world
      x: -288
      y: 72
      z: 222
      x2: 254
      y2: 162
      z2: -305
    info:
      cost: 0
      timer: 600
      min-players: 2
      max-players: 15
    commands:
    - none
    spawns:
    - world:4:86:-19:152.9364:58.199135
    - world:5:86:-15:99.03788:43.649662
    - world:2:86:-23:88.43805:58.049145
    - world:0:86:-26:88.289215:48.14905
    - world:-4:86:-29:88.29138:44.699047
    - world:8:86:-11:66.188065:33.89945
    - world:-7:86:-31:123.69078:34.498978
    - world:9:86:-7:12.188141:22.649427
    - world:-11:86:-33:120.8409:36.899002
    - world:9:86:-3:5.2881494:24.749422
    - world:-15:86:-35:118.14101:40.64904
    - world:9:86:1:5.2881494:24.749422
    - world:-19:86:-36:105.84146:51.299164
    - world:9:86:5:5.2881494:24.749422
    - world:8:86:9:123.93839:8.8494625
    lobbysign: world:-25:102:-1
    exit-location: world:-26:101:0:-90.57761:15.900154
